/*--------------------------------*- C++ -*----------------------------------*\
| =========                 |                                                 |
| \\      /  F ield         | OpenFOAM: The Open Source CFD Toolbox           |
|  \\    /   O peration     | Version:  4.1                                   |
|   \\  /    A nd           | Web:      www.OpenFOAM.org                      |
|    \\/     M anipulation  |                                                 |
\*---------------------------------------------------------------------------*/
FoamFile
{
    version     2.0;
    format      binary;
    class       cellSet;
    location    "constant/polyMesh/sets";
    object      addedCells;
}
// * * * * * * * * * * * * * * * * * * * * * * * * * * * * * * * * * * * * * //


1789
(
58031 
58032 
58033 
58034 
58035 
58036 
58037 
58038 
58039 
58040 
58041 
58042 
58043 
58044 
58045 
58046 
58047 
58048 
58049 
58050 
58051 
58052 
58053 
58054 
58055 
58056 
58057 
58058 
58059 
58060 
58061 
58062 
58063 
58064 
58065 
58066 
58067 
58068 
58069 
58070 
58071 
58072 
58073 
58074 
58075 
58076 
58077 
58078 
58079 
58080 
58081 
58082 
58083 
58084 
58085 
58086 
58087 
58088 
58089 
58090 
58091 
58092 
58093 
58094 
58095 
58096 
58097 
58098 
58099 
58100 
58101 
58102 
58103 
58104 
58105 
58106 
58107 
58108 
58109 
58110 
58111 
58112 
58113 
58114 
58115 
58116 
58117 
58118 
58119 
58120 
54025 
58121 
54026 
58122 
54027 
58123 
54028 
58124 
54029 
58125 
54030 
58126 
54031 
58127 
54032 
58128 
54033 
58129 
54034 
58130 
54035 
58131 
54036 
58132 
54037 
58133 
54038 
58134 
54039 
58135 
54040 
58136 
54041 
58137 
54042 
58138 
54043 
58139 
54044 
58140 
54045 
58141 
54046 
58142 
54047 
58143 
54048 
58144 
54049 
58145 
54050 
58146 
54051 
58147 
54052 
58148 
54053 
58149 
54054 
58150 
54055 
58151 
54056 
58152 
54057 
58153 
54058 
58154 
54059 
58155 
54060 
58156 
54061 
58157 
54062 
58158 
54063 
58159 
54064 
58160 
54065 
58161 
54066 
58162 
54067 
58163 
54068 
58164 
54069 
58165 
54070 
58166 
54071 
58167 
54072 
58168 
54073 
58169 
54074 
58170 
54075 
58171 
54076 
58172 
54077 
58173 
54078 
58174 
58175 
54079 
58176 
54080 
58177 
54081 
58178 
54082 
58179 
54083 
58180 
54084 
58181 
54085 
58182 
54086 
58183 
54087 
58184 
54088 
58185 
54089 
58186 
54090 
58187 
54091 
58188 
54092 
58189 
54093 
58190 
54094 
58191 
54095 
58192 
54096 
58193 
54097 
58194 
54098 
58195 
54099 
58196 
54100 
58197 
54101 
58198 
54102 
58199 
54103 
58200 
54104 
58201 
54105 
58202 
54106 
58203 
54107 
58204 
54108 
58205 
54109 
58206 
54110 
58207 
54111 
58208 
54112 
58209 
54113 
58210 
54114 
58211 
54115 
58212 
54116 
58213 
54117 
58214 
54118 
58215 
54119 
58216 
54120 
58217 
54121 
58218 
54122 
58219 
54123 
58220 
54124 
58221 
54125 
58222 
54126 
58223 
54127 
58224 
54128 
58225 
54129 
58226 
54130 
58227 
54131 
58228 
54132 
58229 
54133 
58230 
54134 
58231 
54135 
58232 
54136 
58233 
54137 
58234 
54138 
58235 
54139 
58236 
54140 
58237 
54141 
58238 
54142 
58239 
54143 
58240 
54144 
58241 
54145 
58242 
54146 
58243 
54147 
58244 
54148 
58245 
54149 
58246 
54150 
58247 
54151 
58248 
54152 
58249 
54153 
58250 
54154 
58251 
54155 
58252 
54156 
58253 
54157 
58254 
54158 
58255 
54159 
58256 
54160 
58257 
54161 
58258 
54162 
58259 
54163 
58260 
54164 
58261 
54165 
58262 
54166 
58263 
54167 
58264 
54168 
58265 
54169 
54170 
54171 
54172 
54173 
54174 
54175 
54176 
54177 
54178 
54179 
54180 
54181 
54182 
54183 
54184 
54185 
54186 
54187 
54188 
54189 
54190 
54191 
54192 
54193 
54194 
54195 
54196 
54197 
54198 
54199 
54200 
54201 
54202 
54203 
54204 
54205 
54206 
54207 
54208 
54209 
54210 
54211 
54212 
54213 
54214 
54215 
54216 
54217 
54218 
54219 
54220 
54221 
54222 
54223 
54224 
54225 
54226 
54227 
54228 
54229 
54230 
54231 
54232 
54233 
54234 
54235 
54236 
54237 
54238 
54239 
54240 
54241 
54242 
54243 
54244 
54245 
54246 
54247 
54248 
54249 
54250 
54251 
54252 
54253 
54254 
54255 
54256 
54257 
54258 
54259 
54260 
54261 
54262 
54263 
54264 
54265 
54266 
54267 
54268 
54269 
54270 
54271 
54272 
54273 
54274 
54275 
54276 
54277 
54278 
54279 
54280 
54281 
54282 
54283 
54284 
54285 
54286 
54287 
54288 
54289 
54290 
54291 
54292 
54293 
54294 
54295 
54296 
54297 
54298 
54299 
54300 
54301 
54302 
54303 
54304 
54305 
54306 
54307 
54308 
54309 
54310 
54311 
54312 
54313 
54314 
54315 
54316 
54317 
54318 
54319 
54320 
54321 
54322 
54323 
54324 
54325 
54326 
54327 
54328 
54329 
54330 
54331 
54332 
54333 
54334 
54335 
54336 
54337 
54338 
54339 
54340 
54341 
54342 
54343 
54344 
54345 
54346 
54347 
54348 
54349 
54350 
54351 
54352 
54353 
54354 
54355 
54356 
54357 
54358 
54359 
54360 
54361 
54362 
54363 
54364 
54365 
54366 
54367 
54368 
54369 
54370 
54371 
54372 
54373 
54374 
54375 
54376 
54377 
54378 
54379 
54380 
54381 
54382 
54383 
54384 
54385 
54386 
54387 
54388 
54389 
54390 
54391 
54392 
54393 
54394 
54395 
54396 
54397 
54398 
54399 
54400 
54401 
54402 
54403 
54404 
54405 
54406 
54407 
54408 
54409 
54410 
54411 
54412 
54413 
54414 
54415 
54416 
54417 
54418 
54419 
54420 
54421 
54422 
54423 
58520 
54424 
58521 
54425 
58522 
54426 
58523 
54427 
58524 
54428 
58525 
54429 
58526 
54430 
58527 
54431 
58528 
54432 
58529 
54433 
58530 
54434 
58531 
54435 
58532 
54436 
58533 
54437 
58534 
54438 
58535 
54439 
58536 
54440 
58537 
54441 
58538 
54442 
58539 
54443 
58540 
54444 
58541 
54445 
58542 
54446 
58543 
54447 
58544 
54448 
58545 
54449 
58546 
54450 
58547 
54451 
58548 
54452 
58549 
54453 
58550 
54454 
58551 
54455 
58552 
54456 
58553 
54457 
58554 
54458 
58555 
54459 
58556 
54460 
58557 
54461 
58558 
54462 
58559 
54463 
58560 
54464 
58561 
54465 
58562 
54466 
58563 
54467 
58564 
54468 
58565 
54469 
58566 
54470 
58567 
54471 
58568 
54472 
58569 
54473 
58570 
54474 
58571 
54475 
58572 
54476 
58573 
54477 
58574 
54478 
58575 
54479 
58576 
54480 
58577 
54481 
54482 
54483 
54484 
54485 
54486 
54487 
54488 
54489 
54490 
54491 
54492 
54493 
54494 
54495 
54496 
54497 
54498 
54499 
54500 
54501 
54502 
54503 
54504 
54505 
54506 
54507 
54508 
54509 
54510 
54511 
54512 
54513 
54514 
54515 
54516 
54517 
54518 
54519 
54520 
54521 
54522 
54523 
54524 
54525 
54526 
54527 
54528 
54529 
54530 
54531 
54532 
54533 
54534 
54535 
54536 
54537 
54538 
54539 
54540 
54541 
54542 
54543 
54544 
54545 
54546 
54547 
54548 
54549 
54550 
54551 
54552 
54553 
54554 
54555 
54556 
54557 
54558 
54559 
54560 
54561 
54562 
54563 
54564 
54565 
54566 
54567 
54568 
54569 
54570 
54571 
54572 
54573 
54574 
54575 
54576 
54577 
54578 
54579 
54580 
54581 
54582 
54583 
54584 
54585 
54586 
54587 
54588 
54589 
54590 
58687 
54591 
54592 
54593 
54594 
54595 
54596 
54597 
54598 
54599 
54600 
54601 
54602 
54603 
54604 
54605 
54606 
54607 
54608 
54609 
54610 
54611 
54612 
54613 
54614 
54615 
54616 
54617 
54618 
54619 
54620 
54621 
54622 
54623 
54624 
54625 
54626 
54627 
54628 
54629 
54630 
54631 
54632 
54633 
54634 
54635 
54636 
54637 
54638 
54639 
54640 
54641 
54642 
54643 
54644 
54645 
54646 
54647 
54648 
54649 
54650 
54651 
54652 
54653 
54654 
54655 
54656 
54657 
54658 
54659 
54660 
54661 
54662 
54663 
54664 
54665 
54666 
54667 
54668 
54669 
54670 
54671 
54672 
54673 
54674 
54675 
54676 
54677 
54678 
54679 
54680 
54681 
54682 
54683 
54684 
54685 
54686 
54687 
54688 
54689 
54690 
54691 
54692 
54693 
54694 
54695 
54696 
54697 
54698 
54699 
54700 
54701 
54702 
54703 
54704 
54705 
54706 
54707 
54708 
54709 
54710 
54711 
54712 
54713 
54714 
54715 
54716 
54717 
54718 
54719 
54720 
54721 
54722 
54723 
54724 
54725 
54726 
54727 
54728 
54729 
54730 
54731 
54732 
54733 
54734 
54735 
54736 
54737 
54738 
54739 
54740 
54741 
54742 
54743 
54744 
54745 
54746 
54747 
54748 
54749 
54750 
54751 
54752 
54753 
54754 
54755 
54756 
54757 
54758 
54759 
54760 
54761 
54762 
54763 
54764 
54765 
54766 
54767 
54768 
54769 
54770 
54771 
54772 
54773 
54774 
54775 
54776 
54777 
54778 
54779 
54780 
54781 
54782 
54783 
54784 
54785 
54786 
54787 
54788 
54789 
54790 
54791 
54792 
54793 
54794 
54795 
54796 
54797 
54798 
54799 
54800 
54801 
54802 
54803 
54804 
54805 
54806 
54807 
54808 
54809 
54810 
54811 
54812 
54813 
54814 
54815 
54816 
54817 
54818 
54819 
54820 
54821 
54822 
54823 
54824 
54825 
54826 
54827 
54828 
54829 
54830 
54831 
54832 
54833 
54834 
54835 
54836 
54837 
54838 
54839 
54840 
54841 
54842 
54843 
54844 
54845 
54846 
54847 
54848 
54849 
54850 
54851 
54852 
54853 
54854 
54855 
54856 
54857 
54858 
54859 
54860 
54861 
54862 
54863 
54864 
54865 
54866 
54867 
54868 
54869 
54870 
54871 
54872 
54873 
54874 
54875 
54876 
54877 
54878 
54879 
54880 
54881 
54882 
54883 
54884 
54885 
54886 
54887 
54888 
54889 
54890 
54891 
54892 
54893 
54894 
54895 
54896 
54897 
54898 
54899 
54900 
54901 
54902 
54903 
54904 
54905 
54906 
54907 
54908 
54909 
54910 
54911 
54912 
54913 
54914 
54915 
54916 
54917 
54918 
54919 
54920 
54921 
54922 
54923 
54924 
54925 
54926 
54927 
54928 
54929 
54930 
54931 
54932 
54933 
54934 
54935 
54936 
54937 
54938 
54939 
54940 
54941 
54942 
54943 
54944 
54945 
54946 
54947 
54948 
54949 
54950 
54951 
54952 
54953 
54954 
54955 
54956 
54957 
54958 
54959 
54960 
54961 
54962 
54963 
54964 
54965 
54966 
54967 
54968 
54969 
54970 
54971 
54972 
54973 
54974 
54975 
54976 
54977 
54978 
54979 
54980 
54981 
54982 
54983 
54984 
54985 
54986 
54987 
54988 
54989 
54990 
54991 
54992 
54993 
54994 
54995 
54996 
54997 
54998 
54999 
55000 
55001 
55002 
55003 
55004 
55005 
55006 
55007 
55008 
55009 
55010 
55011 
55012 
55013 
55014 
55015 
55016 
55017 
55018 
55019 
55020 
55021 
55022 
55023 
55024 
55025 
55026 
55027 
55028 
55029 
55030 
55031 
55032 
55033 
55034 
55035 
55036 
55037 
55038 
55039 
55040 
55041 
55042 
55043 
55044 
55045 
55046 
55047 
55048 
55049 
55050 
55051 
55052 
55053 
55054 
55055 
55056 
55057 
55058 
55059 
55060 
55061 
55062 
55063 
55064 
55065 
55066 
55067 
55068 
55069 
55070 
55071 
55072 
55073 
55074 
55075 
55076 
55077 
55078 
55079 
55080 
55081 
55082 
55083 
55084 
55085 
55086 
55087 
55088 
55089 
55090 
55091 
55092 
55093 
55094 
55095 
55096 
55097 
55098 
55099 
55100 
55101 
55102 
55103 
55104 
55105 
55106 
55107 
55108 
55109 
55110 
55111 
55112 
55113 
55114 
55115 
55116 
55117 
55118 
55119 
55120 
55121 
55122 
55123 
55124 
55125 
55126 
55127 
55128 
55129 
55130 
55131 
55132 
55133 
55134 
55135 
55136 
55137 
55138 
55139 
55140 
55141 
55142 
55143 
55144 
55145 
55146 
55147 
55148 
55149 
55150 
55151 
55152 
55153 
55154 
55155 
55156 
55157 
55158 
55159 
55160 
55161 
55162 
55163 
55164 
55165 
55166 
55167 
55168 
55169 
55170 
55171 
55172 
55173 
55174 
55175 
55176 
55177 
55178 
55179 
55180 
55181 
55182 
55183 
55184 
55185 
55186 
55187 
55188 
55189 
55190 
55191 
55192 
55193 
55194 
55195 
55196 
55197 
55198 
55199 
55200 
55201 
55202 
55203 
55204 
55205 
55206 
55207 
55208 
55209 
55210 
55211 
55212 
55213 
55214 
55215 
55216 
55217 
55218 
55219 
55220 
55221 
55222 
55223 
55224 
55225 
55226 
55227 
55228 
55229 
55230 
55231 
55232 
55233 
55234 
55235 
55236 
55237 
55238 
55239 
55240 
55241 
55242 
55243 
55244 
55245 
55246 
55247 
55248 
55249 
55250 
55251 
55252 
55253 
55254 
55255 
55256 
55257 
55258 
55259 
55260 
55261 
55262 
55263 
55264 
55265 
55266 
55267 
55268 
55269 
55270 
55271 
55272 
55273 
55274 
55275 
55276 
55277 
55278 
55279 
55280 
55281 
55282 
55283 
55284 
55285 
55286 
55287 
55288 
55289 
55290 
55291 
55292 
55293 
55294 
55295 
55296 
55297 
55298 
55299 
55300 
55301 
55302 
55303 
55304 
55305 
55306 
55307 
55308 
55309 
55310 
55311 
55312 
55313 
55314 
55315 
55316 
55317 
55318 
55319 
55320 
55321 
55322 
55323 
55324 
55325 
55326 
55327 
55328 
55329 
55330 
55331 
55332 
55333 
55334 
55335 
55336 
55337 
55338 
55339 
55340 
55341 
55342 
55343 
55344 
55345 
55346 
55347 
55348 
55349 
55350 
55351 
55352 
55353 
55354 
55355 
55356 
55357 
55358 
55359 
55360 
55361 
55362 
55363 
55364 
55365 
55366 
55367 
55368 
55369 
55370 
55371 
55372 
55373 
55374 
55375 
55376 
55377 
55378 
55379 
55380 
55381 
55382 
55383 
55384 
55385 
55386 
55387 
55388 
55389 
55390 
55391 
55392 
55393 
55394 
55395 
55396 
55397 
55398 
55399 
55400 
55401 
55402 
55403 
55404 
55405 
55406 
55407 
55408 
55409 
55410 
55411 
55412 
55413 
55414 
55415 
55416 
55417 
55418 
55419 
55420 
55421 
55422 
55423 
55424 
55425 
55426 
55427 
55428 
55429 
55430 
55431 
55432 
55433 
55434 
55435 
55436 
55437 
55438 
55439 
55440 
55441 
55442 
55443 
55444 
55445 
55446 
55447 
55448 
55449 
55450 
55451 
55452 
55453 
55454 
55455 
55456 
55457 
55458 
55459 
55460 
55461 
55462 
55463 
55464 
55465 
55466 
55467 
55468 
55469 
55470 
55471 
55472 
55473 
55474 
55475 
55476 
55477 
55478 
55479 
55480 
55481 
55482 
55483 
55484 
55485 
55486 
55487 
55488 
55489 
55490 
55491 
55492 
55493 
55494 
55495 
55496 
55497 
55498 
55499 
55500 
55501 
55502 
55503 
55504 
55505 
55506 
55507 
55508 
55509 
55510 
55511 
55512 
55513 
55514 
55515 
55516 
55517 
55518 
55519 
)

// ************************************************************************* //
