/*--------------------------------*- C++ -*----------------------------------*\
| =========                 |                                                 |
| \\      /  F ield         | OpenFOAM: The Open Source CFD Toolbox           |
|  \\    /   O peration     | Version:  4.1                                   |
|   \\  /    A nd           | Web:      www.OpenFOAM.org                      |
|    \\/     M anipulation  |                                                 |
\*---------------------------------------------------------------------------*/
FoamFile
{
    version     2.0;
    format      binary;
    class       cellSet;
    location    "constant/polyMesh/sets";
    object      addedCells;
}
// * * * * * * * * * * * * * * * * * * * * * * * * * * * * * * * * * * * * * //


1755
(
54001 
54002 
54003 
54004 
54005 
54006 
54007 
54008 
54009 
54010 
54011 
54012 
54013 
54014 
54015 
54016 
54017 
54018 
54019 
54020 
54021 
54022 
54023 
54024 
54025 
54026 
54027 
54028 
54029 
54030 
54031 
54032 
54033 
54034 
54035 
54036 
54037 
54038 
54039 
54040 
54041 
54042 
54043 
54044 
54045 
54046 
54047 
54048 
54049 
54050 
54051 
54052 
54053 
54054 
54055 
54056 
54057 
54058 
54059 
54060 
54061 
54062 
54063 
54064 
54065 
54066 
54067 
54068 
54069 
54070 
54071 
54072 
54073 
54074 
54075 
54076 
54077 
54078 
54079 
54080 
54081 
54082 
54083 
54084 
54085 
54086 
54087 
54088 
54089 
54090 
54091 
54092 
54093 
54094 
54095 
54096 
54097 
54098 
54099 
54100 
54101 
54102 
54103 
54104 
54105 
54106 
54107 
54108 
54109 
54110 
54111 
54112 
54113 
54114 
54115 
54116 
54117 
54118 
54119 
54120 
54121 
54122 
54123 
54124 
54125 
54126 
54127 
54128 
54129 
54130 
54131 
54132 
54133 
54134 
54135 
54136 
54137 
54138 
54139 
54140 
54141 
54142 
54143 
54144 
54145 
54146 
54147 
54148 
54149 
54150 
54151 
54152 
54153 
54154 
54155 
54156 
54157 
54158 
54159 
54160 
54161 
54162 
54163 
54164 
54165 
54166 
54167 
54168 
54169 
54170 
54171 
54172 
54173 
54174 
54175 
54176 
54177 
54178 
54179 
54180 
54181 
54182 
54183 
54184 
54185 
54186 
54187 
54188 
54189 
54190 
54191 
54192 
54193 
54194 
54195 
54196 
54197 
54198 
54199 
54200 
54201 
54202 
54203 
54204 
54205 
54206 
54207 
54208 
54209 
54210 
54211 
54212 
54213 
54214 
54215 
54216 
54217 
54218 
54219 
54220 
54221 
54222 
54223 
54224 
54225 
54226 
54227 
54228 
54229 
54230 
54231 
54232 
54233 
54234 
54235 
54236 
54237 
54238 
54239 
54240 
54241 
54242 
54243 
54244 
54245 
54246 
54247 
54248 
54249 
54250 
54251 
54252 
54253 
54254 
54255 
54256 
54257 
54258 
54259 
54260 
54261 
54262 
54263 
54264 
54265 
54266 
54267 
54268 
54269 
54270 
54271 
54272 
54273 
54274 
54275 
54276 
54277 
54278 
54279 
54280 
54281 
54282 
54283 
54284 
54285 
54286 
54287 
54288 
54289 
54290 
54291 
54292 
54293 
54294 
54295 
54296 
54297 
54298 
54299 
54300 
54301 
54302 
54303 
54304 
54305 
54306 
54307 
54308 
54309 
54310 
54311 
54312 
54313 
54314 
54315 
54316 
54317 
54318 
54319 
54320 
54321 
54322 
54323 
54324 
54325 
54326 
54327 
54328 
54329 
54330 
54331 
54332 
54333 
54334 
54335 
54336 
54337 
54338 
54339 
54340 
54341 
54342 
54343 
54344 
54345 
54346 
54347 
54348 
54349 
54350 
54351 
54352 
54353 
54354 
54355 
54356 
54357 
54358 
54359 
54360 
54361 
54362 
54363 
54364 
54365 
54366 
54367 
54368 
54369 
54370 
54371 
54372 
54373 
54374 
54375 
54376 
54377 
54378 
54379 
54380 
54381 
54382 
54383 
54384 
54385 
54386 
54387 
54388 
54389 
54390 
54391 
54392 
54393 
54394 
54395 
54396 
54397 
54398 
54399 
54400 
54401 
54402 
54403 
54404 
54405 
54406 
54407 
58503 
54408 
58504 
54409 
58505 
54410 
58506 
54411 
58507 
54412 
58508 
54413 
58509 
54414 
58510 
54415 
58511 
54416 
58512 
54417 
58513 
54418 
58514 
54419 
58515 
54420 
58516 
54421 
58517 
54422 
58518 
54423 
58519 
54424 
58520 
54425 
58521 
54426 
58522 
54427 
58523 
54428 
58524 
54429 
58525 
54430 
58526 
54431 
58527 
54432 
58528 
54433 
58529 
54434 
58530 
54435 
58531 
54436 
58532 
54437 
58533 
54438 
58534 
54439 
58535 
54440 
58536 
54441 
58537 
54442 
58538 
54443 
58539 
54444 
58540 
54445 
58541 
54446 
58542 
54447 
58543 
54448 
58544 
54449 
58545 
54450 
58546 
54451 
58547 
54452 
58548 
54453 
58549 
54454 
58550 
54455 
58551 
54456 
58552 
54457 
58553 
54458 
58554 
54459 
58555 
54460 
58556 
54461 
58557 
54462 
58558 
54463 
58559 
54464 
58560 
54465 
58561 
54466 
58562 
54467 
58563 
54468 
58564 
54469 
58565 
54470 
58566 
54471 
58567 
54472 
58568 
54473 
58569 
54474 
58570 
54475 
58571 
54476 
58572 
54477 
58573 
54478 
58574 
54479 
58575 
54480 
58576 
54481 
58577 
54482 
58578 
54483 
58579 
54484 
58580 
54485 
58581 
54486 
58582 
54487 
58583 
54488 
58584 
54489 
58585 
54490 
58586 
54491 
58587 
54492 
58588 
54493 
58589 
54494 
58590 
54495 
58591 
54496 
58592 
54497 
58593 
54498 
58594 
54499 
58595 
54500 
58596 
54501 
58597 
54502 
58598 
54503 
58599 
54504 
58600 
54505 
58601 
54506 
58602 
54507 
58603 
54508 
58604 
54509 
58605 
54510 
58606 
54511 
58607 
54512 
58608 
54513 
58609 
54514 
58610 
54515 
58611 
54516 
58612 
54517 
58613 
54518 
58614 
54519 
58615 
54520 
58616 
54521 
58617 
54522 
58618 
54523 
58619 
54524 
58620 
54525 
58621 
54526 
58622 
54527 
58623 
54528 
58624 
54529 
58625 
54530 
58626 
54531 
58627 
54532 
58628 
54533 
58629 
54534 
58630 
54535 
58631 
54536 
58632 
54537 
58633 
54538 
58634 
54539 
58635 
54540 
58636 
54541 
58637 
54542 
58638 
54543 
58639 
54544 
58640 
54545 
58641 
54546 
58642 
54547 
58643 
54548 
58644 
54549 
58645 
54550 
58646 
54551 
58647 
58648 
54552 
58649 
54553 
58650 
54554 
58651 
54555 
58652 
54556 
58653 
54557 
58654 
54558 
58655 
54559 
58656 
54560 
58657 
54561 
58658 
54562 
58659 
54563 
58660 
54564 
58661 
54565 
58662 
54566 
58663 
54567 
58664 
54568 
58665 
54569 
58666 
54570 
58667 
54571 
58668 
54572 
58669 
54573 
58670 
54574 
58671 
54575 
58672 
54576 
58673 
54577 
58674 
54578 
58675 
54579 
58676 
54580 
58677 
54581 
58678 
54582 
58679 
54583 
58680 
54584 
58681 
54585 
58682 
54586 
58683 
54587 
58684 
54588 
58685 
54589 
58686 
54590 
58687 
54591 
58688 
54592 
58689 
54593 
58690 
54594 
58691 
54595 
58692 
54596 
58693 
54597 
58694 
54598 
58695 
54599 
58696 
54600 
58697 
54601 
58698 
54602 
58699 
54603 
58700 
54604 
58701 
54605 
58702 
54606 
58703 
54607 
58704 
54608 
58705 
54609 
58706 
54610 
58707 
54611 
58708 
54612 
58709 
54613 
58710 
54614 
58711 
54615 
58712 
54616 
58713 
54617 
58714 
54618 
58715 
54619 
58716 
54620 
58717 
54621 
58718 
54622 
58719 
54623 
58720 
54624 
58721 
54625 
58722 
54626 
58723 
54627 
58724 
54628 
58725 
54629 
58726 
54630 
58727 
54631 
58728 
54632 
58729 
54633 
58730 
54634 
58731 
54635 
58732 
54636 
58733 
54637 
58734 
54638 
58735 
54639 
58736 
54640 
58737 
54641 
58738 
54642 
58739 
54643 
58740 
54644 
58741 
54645 
58742 
54646 
58743 
54647 
58744 
54648 
58745 
54649 
58746 
54650 
58747 
54651 
58748 
54652 
58749 
54653 
58750 
54654 
58751 
54655 
58752 
54656 
58753 
54657 
58754 
54658 
58755 
54659 
58756 
54660 
58757 
54661 
58758 
54662 
58759 
54663 
58760 
54664 
58761 
54665 
58762 
54666 
58763 
54667 
54668 
54669 
54670 
54671 
54672 
54673 
54674 
54675 
54676 
54677 
54678 
54679 
54680 
54681 
54682 
54683 
54684 
54685 
54686 
54687 
54688 
54689 
54690 
54691 
54692 
54693 
54694 
54695 
54696 
54697 
54698 
54699 
54700 
54701 
54702 
54703 
54704 
54705 
54706 
54707 
54708 
54709 
54710 
54711 
54712 
54713 
54714 
54715 
54716 
54717 
54718 
54719 
54720 
54721 
54722 
54723 
54724 
54725 
54726 
54727 
54728 
54729 
54730 
54731 
54732 
54733 
54734 
54735 
54736 
54737 
54738 
54739 
54740 
54741 
54742 
54743 
54744 
54745 
54746 
54747 
54748 
54749 
54750 
54751 
54752 
54753 
54754 
54755 
54756 
54757 
54758 
54759 
54760 
54761 
54762 
54763 
54764 
54765 
54766 
54767 
54768 
54769 
54770 
54771 
54772 
54773 
54774 
54775 
54776 
54777 
54778 
54779 
54780 
54781 
54782 
54783 
54784 
54785 
54786 
54787 
54788 
54789 
54790 
54791 
54792 
54793 
54794 
54795 
54796 
54797 
54798 
54799 
54800 
54801 
54802 
54803 
54804 
54805 
54806 
54807 
54808 
54809 
54810 
54811 
54812 
54813 
54814 
54815 
54816 
54817 
54818 
54819 
54820 
54821 
54822 
54823 
54824 
54825 
54826 
54827 
54828 
54829 
54830 
54831 
54832 
54833 
54834 
54835 
54836 
54837 
54838 
54839 
54840 
54841 
54842 
54843 
54844 
54845 
54846 
54847 
54848 
54849 
54850 
54851 
54852 
54853 
54854 
54855 
54856 
54857 
54858 
54859 
54860 
54861 
54862 
54863 
54864 
54865 
54866 
54867 
54868 
54869 
54870 
54871 
54872 
54873 
54874 
54875 
54876 
54877 
54878 
54879 
54880 
54881 
54882 
54883 
54884 
54885 
54886 
54887 
54888 
54889 
54890 
54891 
54892 
54893 
54894 
54895 
54896 
54897 
54898 
54899 
54900 
54901 
54902 
54903 
54904 
54905 
54906 
54907 
54908 
54909 
54910 
54911 
54912 
54913 
54914 
54915 
54916 
54917 
54918 
54919 
54920 
54921 
54922 
54923 
54924 
54925 
54926 
54927 
54928 
54929 
54930 
54931 
54932 
54933 
54934 
54935 
54936 
54937 
54938 
54939 
54940 
54941 
54942 
54943 
54944 
54945 
54946 
54947 
54948 
54949 
54950 
54951 
54952 
54953 
54954 
54955 
54956 
54957 
54958 
54959 
54960 
54961 
54962 
54963 
54964 
54965 
54966 
54967 
54968 
54969 
54970 
54971 
54972 
54973 
54974 
54975 
54976 
54977 
54978 
54979 
54980 
54981 
54982 
54983 
54984 
54985 
54986 
54987 
54988 
54989 
54990 
54991 
54992 
54993 
54994 
54995 
54996 
54997 
54998 
54999 
55000 
55001 
55002 
55003 
55004 
55005 
55006 
55007 
55008 
55009 
55010 
55011 
55012 
55013 
55014 
55015 
55016 
55017 
55018 
55019 
55020 
55021 
55022 
55023 
55024 
55025 
55026 
55027 
55028 
55029 
55030 
55031 
55032 
55033 
55034 
55035 
55036 
55037 
55038 
55039 
55040 
55041 
55042 
55043 
55044 
55045 
55046 
55047 
55048 
55049 
55050 
55051 
55052 
55053 
55054 
55055 
55056 
55057 
55058 
55059 
55060 
55061 
55062 
55063 
55064 
55065 
55066 
55067 
55068 
55069 
55070 
55071 
55072 
55073 
55074 
55075 
55076 
55077 
55078 
55079 
55080 
55081 
55082 
55083 
55084 
55085 
55086 
55087 
55088 
55089 
55090 
55091 
55092 
55093 
55094 
55095 
55096 
55097 
55098 
55099 
55100 
55101 
55102 
55103 
55104 
55105 
55106 
55107 
55108 
55109 
55110 
55111 
55112 
55113 
55114 
55115 
55116 
55117 
55118 
55119 
55120 
55121 
55122 
55123 
55124 
55125 
55126 
55127 
55128 
55129 
55130 
55131 
55132 
55133 
55134 
55135 
55136 
55137 
55138 
55139 
55140 
55141 
55142 
55143 
55144 
55145 
55146 
55147 
55148 
55149 
55150 
55151 
55152 
55153 
55154 
55155 
55156 
55157 
55158 
55159 
55160 
55161 
55162 
55163 
55164 
55165 
55166 
55167 
55168 
55169 
55170 
55171 
55172 
55173 
55174 
55175 
55176 
55177 
55178 
55179 
55180 
55181 
55182 
55183 
55184 
55185 
55186 
55187 
55188 
55189 
55190 
55191 
55192 
55193 
55194 
55195 
55196 
55197 
55198 
55199 
55200 
55201 
55202 
55203 
55204 
55205 
55206 
55207 
55208 
55209 
55210 
55211 
55212 
55213 
55214 
55215 
55216 
55217 
55218 
55219 
55220 
55221 
55222 
55223 
55224 
55225 
55226 
55227 
55228 
55229 
55230 
55231 
55232 
55233 
55234 
55235 
55236 
55237 
55238 
55239 
55240 
55241 
55242 
55243 
55244 
55245 
55246 
55247 
55248 
55249 
55250 
55251 
55252 
55253 
55254 
55255 
55256 
55257 
55258 
55259 
55260 
55261 
55262 
55263 
55264 
55265 
55266 
55267 
55268 
55269 
55270 
55271 
55272 
55273 
55274 
55275 
55276 
55277 
55278 
55279 
55280 
55281 
55282 
55283 
55284 
55285 
55286 
55287 
55288 
55289 
55290 
55291 
55292 
55293 
55294 
55295 
55296 
55297 
55298 
55299 
55300 
55301 
55302 
55303 
55304 
55305 
55306 
55307 
55308 
55309 
55310 
55311 
55312 
55313 
55314 
55315 
55316 
55317 
55318 
55319 
55320 
55321 
55322 
55323 
55324 
55325 
55326 
55327 
55328 
55329 
55330 
55331 
55332 
55333 
55334 
55335 
55336 
55337 
55338 
55339 
55340 
55341 
55342 
55343 
55344 
55345 
55346 
55347 
55348 
55349 
55350 
55351 
55352 
55353 
55354 
55355 
55356 
55357 
55358 
55359 
55360 
55361 
55362 
55363 
55364 
55365 
55366 
55367 
55368 
55369 
55370 
55371 
55372 
55373 
55374 
55375 
55376 
55377 
55378 
55379 
55380 
55381 
55382 
55383 
55384 
55385 
55386 
55387 
55388 
55389 
55390 
55391 
55392 
55393 
55394 
55395 
55396 
55397 
55398 
55399 
55400 
55401 
55402 
55403 
55404 
55405 
55406 
55407 
55408 
55409 
55410 
55411 
55412 
55413 
55414 
55415 
55416 
55417 
55418 
55419 
55420 
55421 
55422 
55423 
55424 
55425 
55426 
55427 
55428 
55429 
55430 
55431 
55432 
55433 
55434 
55435 
55436 
55437 
55438 
55439 
55440 
55441 
55442 
55443 
55444 
55445 
55446 
55447 
55448 
55449 
55450 
55451 
55452 
55453 
55454 
55455 
55456 
55457 
55458 
55459 
55460 
55461 
55462 
55463 
55464 
55465 
55466 
55467 
55468 
55469 
55470 
55471 
55472 
55473 
55474 
55475 
55476 
55477 
55478 
55479 
55480 
55481 
55482 
55483 
55484 
55485 
55486 
55487 
55488 
55489 
55490 
55491 
55492 
55493 
55494 
)

// ************************************************************************* //
